CHR	BP	Predictor	A1	A2	n	Z	pval
22	1	rs9609538:T:C	NA	NA	2e+05	-5.62363795943787	NA
22	2	rs530424216:A:G	NA	NA	2e+05	4.03677408795556	NA
22	3	rs546688139:C:A	NA	NA	2e+05	1.2271676423943	NA
22	4	rs8141141:T:G	NA	NA	2e+05	5.20007360130712	NA
22	5	rs569610215:A:G	NA	NA	2e+05	1.65336690226904	NA
22	6	rs527891427:C:T	NA	NA	2e+05	0.56745527717918	NA
22	7	rs200070078:A:G	NA	NA	2e+05	1.15968722640069	NA
22	8	rs149044521:T:C	NA	NA	2e+05	-0.198732173233028	NA
22	9	rs117016330:C:T	NA	NA	2e+05	7.43298925431115	NA
22	10	rs369700757:G:A	NA	NA	2e+05	-1.12985712282717	NA
22	11	rs35856742:T:G	NA	NA	2e+05	10.5103234276464	NA
22	12	rs541669745:C:T	NA	NA	2e+05	-0.527412253729504	NA
22	13	rs745940110:A:G	NA	NA	2e+05	-2.40679893805857	NA
22	14	rs555235244:T:C	NA	NA	2e+05	4.95358990888939	NA
22	15	rs575485602:G:A	NA	NA	2e+05	-0.161332255481646	NA
22	16	rs544177031:G:A	NA	NA	2e+05	2.60193906788716	NA
22	17	rs191405828:C:A	NA	NA	2e+05	-4.95627529212043	NA
22	18	rs539899248:T:C	NA	NA	2e+05	-6.63908356824851	NA
22	19	rs560333577:G:A	NA	NA	2e+05	-1.87731188052497	NA
22	20	rs775404352:C:T	NA	NA	2e+05	-0.615998153437927	NA
22	21	rs181273672:G:T	NA	NA	2e+05	-5.25369723059704	NA
22	22	rs569549003:G:A	NA	NA	2e+05	3.02430120125816	NA
22	23	rs77046118:A:T	NA	NA	2e+05	-0.371714696774675	NA
22	24	rs60932326:T:C	NA	NA	2e+05	-2.53638153630608	NA
22	25	rs534202973:G:A	NA	NA	2e+05	0.642521243696558	NA
22	26	rs535256783:G:A	NA	NA	2e+05	1.00719063374964	NA
22	27	rs535046291:G:A	NA	NA	2e+05	4.44734103847028	NA
22	28	rs9609540:G:T	NA	NA	2e+05	-3.31173337825446	NA
22	29	rs738258:C:T	NA	NA	2e+05	1.64533279181474	NA
22	30	rs560272291:T:C	NA	NA	2e+05	2.51370667087045	NA
22	31	rs60970060:C:T	NA	NA	2e+05	-1.84779423516953	NA
22	32	rs57467712:A:G	NA	NA	2e+05	5.51952483087872	NA
22	33	rs534863521:G:C	NA	NA	2e+05	2.19696366531595	NA
22	34	rs531943688:G:A	NA	NA	2e+05	-2.19124497480387	NA
22	35	rs58797492:C:T	NA	NA	2e+05	-1.76469905073312	NA
22	36	rs57670657:C:G	NA	NA	2e+05	5.3986222996049	NA
22	37	rs190045287:G:A	NA	NA	2e+05	-3.38112013918162	NA
22	38	rs12167313:A:C	NA	NA	2e+05	7.05468405917321	NA
22	39	rs59540535:G:A	NA	NA	2e+05	5.53845469108366	NA
22	40	rs568910325:A:G	NA	NA	2e+05	2.52432157389941	NA
22	41	rs780055365:G:C	NA	NA	2e+05	-0.2411854282229	NA
22	42	rs553774676:T:A	NA	NA	2e+05	-1.95647640843127	NA
22	43	rs373924654:A:T	NA	NA	2e+05	-0.295005185141019	NA
22	44	rs16990421:T:C	NA	NA	2e+05	-2.57311911203625	NA
22	45	rs201615090:C:T	NA	NA	2e+05	1.77665309407028	NA
22	46	rs5998478:A:G	NA	NA	2e+05	-2.01983521238085	NA
22	47	rs115332147:A:G	NA	NA	2e+05	-2.30170510471329	NA
22	48	rs56965504:G:A	NA	NA	2e+05	4.96135105535088	NA
22	49	22:32812006:ATTGGGCACAAGCACAGAGG:A	NA	NA	2e+05	1.46732754058232	NA
22	50	rs549857792:G:T	NA	NA	2e+05	-2.99665355676745	NA
22	51	rs570170699:T:C	NA	NA	2e+05	-4.37078732664027	NA
22	52	rs56092159:T:C	NA	NA	2e+05	4.30808385649558	NA
22	53	rs58967861:A:G	NA	NA	2e+05	4.30970663759751	NA
22	54	22:32812176:C:T	NA	NA	2e+05	-2.80605553496292	NA
22	55	rs112436359:C:T	NA	NA	2e+05	0.778775945340161	NA
22	56	rs555977939:C:G	NA	NA	2e+05	-2.09124748440432	NA
22	57	rs9609541:C:T	NA	NA	2e+05	0.920931034053606	NA
22	58	rs75040902:A:C	NA	NA	2e+05	4.9201889637674	NA
22	59	rs759158803:C:T	NA	NA	2e+05	1.0742543607264	NA
22	60	rs764640911:C:G	NA	NA	2e+05	2.65668721895667	NA
22	61	rs541289876:G:A	NA	NA	2e+05	1.51888469937253	NA
22	62	rs757638700:A:G	NA	NA	2e+05	-0.0781077979203752	NA
22	63	rs59996791:A:G	NA	NA	2e+05	0.83350985696038	NA
22	64	rs552406156:T:G	NA	NA	2e+05	-4.37968576147151	NA
22	65	rs2076045:C:T	NA	NA	2e+05	6.26565733310017	NA
22	66	rs149623951:G:A	NA	NA	2e+05	-0.275269188212736	NA
22	67	rs148784417:C:T	NA	NA	2e+05	4.26270125240968	NA
22	68	rs569574800:G:A	NA	NA	2e+05	-0.414834896811663	NA
22	69	rs182295988:C:T	NA	NA	2e+05	-1.04773628638054	NA
22	70	rs558381481:G:A	NA	NA	2e+05	0.264104856042183	NA
22	71	rs111414274:G:A	NA	NA	2e+05	1.28464699309126	NA
22	72	rs187588354:A:G	NA	NA	2e+05	3.58713306359848	NA
22	73	rs543780064:G:A	NA	NA	2e+05	-3.92924206430862	NA
22	74	rs546232238:T:C	NA	NA	2e+05	-1.79255996347671	NA
22	75	rs201131557:T:C	NA	NA	2e+05	5.77317409855504	NA
22	76	rs368778265:C:T	NA	NA	2e+05	-1.19486822867097	NA
22	77	rs772057416:A:G	NA	NA	2e+05	-6.94719684602442	NA
22	78	rs547648214:G:A	NA	NA	2e+05	-2.35847196609841	NA
22	79	22:32813212:GAGTGCAGTAGTGTGATCATGGCTCTCTCCA:G	NA	NA	2e+05	-2.36909603105794	NA
22	80	rs713760:A:T	NA	NA	2e+05	-4.33974755707498	NA
22	81	rs534866056:T:A	NA	NA	2e+05	-3.59070231959492	NA
22	82	rs183645369:G:T	NA	NA	2e+05	1.09857091440169	NA
22	83	rs537708802:C:A	NA	NA	2e+05	-1.28765630927246	NA
22	84	rs188746190:G:A	NA	NA	2e+05	-3.12157108498673	NA
22	85	rs28640241:G:A	NA	NA	2e+05	-5.31740924447388	NA
22	86	rs573403456:G:T	NA	NA	2e+05	0.900161496558203	NA
22	87	rs73170318:T:C	NA	NA	2e+05	-4.84849949912916	NA
22	88	rs73170319:C:T	NA	NA	2e+05	-4.80132632514857	NA
22	89	rs528858438:T:G	NA	NA	2e+05	3.71126982124063	NA
22	90	rs8141748:A:G	NA	NA	2e+05	-3.65778566194838	NA
22	91	rs773246263:G:A	NA	NA	2e+05	2.91912742153267	NA
22	92	rs16990428:G:A	NA	NA	2e+05	6.34127370305975	NA
22	93	rs4476440:T:A	NA	NA	2e+05	-7.03848843475036	NA
22	94	rs565356286:T:A	NA	NA	2e+05	-1.36270447462639	NA
22	95	rs74653544:A:T	NA	NA	2e+05	-1.78896546305516	NA
22	96	rs547889655:T:A	NA	NA	2e+05	-1.89061233837715	NA
22	97	rs568592761:T:C	NA	NA	2e+05	-2.98655474432177	NA
22	98	rs2413115:T:G	NA	NA	2e+05	-7.06081142098137	NA
22	99	rs16990430:C:G	NA	NA	2e+05	6.35726491850011	NA
22	100	rs9621438:A:G	NA	NA	2e+05	6.10256840268953	NA
22	101	rs144029370:A:C	NA	NA	2e+05	3.24112001683738	NA
22	102	rs562169076:G:C	NA	NA	2e+05	-2.46513490514265	NA
22	103	rs574575470:A:C	NA	NA	2e+05	-5.90490972858861	NA
22	104	rs543284347:A:G	NA	NA	2e+05	-0.238643399855383	NA
22	105	rs191762757:C:T	NA	NA	2e+05	1.49655821529721	NA
22	106	rs73170321:A:G	NA	NA	2e+05	10.7080138762991	NA
22	107	rs556697914:G:C	NA	NA	2e+05	-2.96239373832729	NA
22	108	rs767883024:T:C	NA	NA	2e+05	-3.63435973561994	NA
22	109	rs547877437:G:C	NA	NA	2e+05	0.285357827099461	NA
22	110	rs773763301:A:G	NA	NA	2e+05	-2.04457518421088	NA
22	111	rs535892855:C:G	NA	NA	2e+05	-2.6266245137432	NA
22	112	rs722693:G:A	NA	NA	2e+05	-7.50955789390667	NA
22	113	rs531111399:G:A	NA	NA	2e+05	0.787837450768545	NA
22	114	rs550926619:A:C	NA	NA	2e+05	1.10240284430435	NA
22	115	rs145567989:G:A	NA	NA	2e+05	-0.79396492864128	NA
22	116	rs2014356:C:G	NA	NA	2e+05	6.47025476373456	NA
22	117	rs555879430:C:T	NA	NA	2e+05	2.02718421512687	NA
22	118	rs147869894:G:A	NA	NA	2e+05	-1.95583403956749	NA
22	119	rs545653788:A:G	NA	NA	2e+05	0.697031810921158	NA
22	120	rs781078569:T:G	NA	NA	2e+05	4.77315727866333	NA
22	121	rs541453281:G:A	NA	NA	2e+05	-2.02314821375339	NA
22	122	rs189017258:A:G	NA	NA	2e+05	0.457435577687237	NA
22	123	rs182416250:A:G	NA	NA	2e+05	-0.905701427497946	NA
22	124	rs367601696:G:C	NA	NA	2e+05	4.17085158514327	NA
22	125	rs768276552:C:T	NA	NA	2e+05	-0.402992068065944	NA
22	126	rs55807703:G:A	NA	NA	2e+05	10.7892548964842	NA
22	127	rs201266849:T:C	NA	NA	2e+05	-3.03742892158123	NA
22	128	rs374163782:G:C	NA	NA	2e+05	3.10651885070801	NA
22	129	rs548995944:C:G	NA	NA	2e+05	-3.980513337499	NA
22	130	rs141574376:A:G	NA	NA	2e+05	-3.99295563490235	NA
22	131	rs765354863:G:C	NA	NA	2e+05	-0.592750422168622	NA
22	132	22:32815740:C:T	NA	NA	2e+05	2.05963944069357	NA
22	133	rs551400876:G:A	NA	NA	2e+05	-4.28751345339422	NA
22	134	rs571472413:G:T	NA	NA	2e+05	-1.9476369035433	NA
22	135	rs189000640:C:T	NA	NA	2e+05	1.82789947595531	NA
22	136	22:32816179:C:T	NA	NA	2e+05	-0.976482157818452	NA
22	137	rs181653154:G:A	NA	NA	2e+05	-3.91596518972638	NA
22	138	rs61112224:C:A	NA	NA	2e+05	3.4013688331082	NA
22	139	rs148124751:C:T	NA	NA	2e+05	4.5930921904488	NA
22	140	rs141944089:G:A	NA	NA	2e+05	5.23466381967523	NA
22	141	rs12628702:A:G	NA	NA	2e+05	6.49322491655765	NA
22	142	rs5754078:G:A	NA	NA	2e+05	-3.81941356392195	NA
22	143	rs544239158:A:G	NA	NA	2e+05	0.075303866577182	NA
22	144	rs543648174:G:A	NA	NA	2e+05	-2.6586491993843	NA
22	145	rs62241168:G:A	NA	NA	2e+05	0.71708495155843	NA
22	146	rs540353505:A:G	NA	NA	2e+05	2.11747462281772	NA
22	147	rs560623798:G:C	NA	NA	2e+05	-1.6338699234943	NA
22	148	rs529523038:A:G	NA	NA	2e+05	1.24669154740873	NA
22	149	rs74370082:G:A	NA	NA	2e+05	5.12232676189912	NA
22	150	rs181123953:G:A	NA	NA	2e+05	-0.412507007491548	NA
22	151	rs5749432:A:G	NA	NA	2e+05	-2.11516032587341	NA
22	152	rs547487111:A:G	NA	NA	2e+05	1.98010166049142	NA
22	153	rs5749433:C:T	NA	NA	2e+05	6.4475898253793	NA
22	154	rs535679475:A:C	NA	NA	2e+05	0.184205093281137	NA
22	155	rs763179923:A:C	NA	NA	2e+05	5.53994775966251	NA
22	156	rs184109902:G:A	NA	NA	2e+05	1.98795639150124	NA
22	157	rs8140225:C:T	NA	NA	2e+05	-3.66634394581654	NA
22	158	rs77691176:G:A	NA	NA	2e+05	0.833439296603917	NA
22	159	rs767544116:A:G	NA	NA	2e+05	0.261364544040361	NA
22	160	rs563024550:C:T	NA	NA	2e+05	1.68085729935068	NA
22	161	rs190940682:C:T	NA	NA	2e+05	0.90004697385913	NA
22	162	rs76804297:C:T	NA	NA	2e+05	3.83406480615754	NA
22	163	rs564888446:T:C	NA	NA	2e+05	4.83358233841987	NA
22	164	rs5998480:C:T	NA	NA	2e+05	6.26754003936597	NA
22	165	rs138899904:T:C	NA	NA	2e+05	3.5979305746277	NA
22	166	rs117423325:T:G	NA	NA	2e+05	6.43524195263049	NA
22	167	rs149423295:A:G	NA	NA	2e+05	-4.84036345041948	NA
22	168	rs747634804:T:C	NA	NA	2e+05	2.34868126137086	NA
22	169	rs771627151:A:T	NA	NA	2e+05	3.75323542096466	NA
22	170	rs373580664:G:A	NA	NA	2e+05	0.618791742739618	NA
22	171	rs146400817:C:T	NA	NA	2e+05	1.04315851929485	NA
22	172	rs114899564:C:A	NA	NA	2e+05	-5.03313944246659	NA
22	173	rs571255966:C:T	NA	NA	2e+05	-1.62984958382149	NA
22	174	rs79954185:A:G	NA	NA	2e+05	-3.9703911365315	NA
22	175	rs142393826:C:T	NA	NA	2e+05	-0.194087649059671	NA
22	176	rs183190856:C:T	NA	NA	2e+05	1.42176049082396	NA
22	177	rs527674757:C:T	NA	NA	2e+05	-3.00547384245703	NA
22	178	rs117168729:C:T	NA	NA	2e+05	-3.96788325627539	NA
22	179	rs550013595:C:T	NA	NA	2e+05	1.88589409472043	NA
22	180	rs558120921:C:T	NA	NA	2e+05	3.95993096017802	NA
22	181	rs571640725:C:G	NA	NA	2e+05	-3.49467185942726	NA
22	182	rs112539257:C:T	NA	NA	2e+05	-7.61279287489768	NA
22	183	rs544101788:C:T	NA	NA	2e+05	-1.16670342847646	NA
22	184	rs192200063:G:A	NA	NA	2e+05	1.78028930838311	NA
22	185	rs5994567:G:A	NA	NA	2e+05	6.00995123683961	NA
22	186	rs368965090:A:G	NA	NA	2e+05	2.21610456978447	NA
22	187	rs777281896:A:G	NA	NA	2e+05	-4.09534031193842	NA
22	188	rs56252916:T:C	NA	NA	2e+05	1.02356609590795	NA
22	189	rs756606627:A:C	NA	NA	2e+05	2.71155526652304	NA
22	190	rs115643178:A:T	NA	NA	2e+05	-3.95895659373186	NA
22	191	rs774855653:G:A	NA	NA	2e+05	1.05255153284291	NA
22	192	rs11912349:T:G	NA	NA	2e+05	0.164571411410775	NA
22	193	rs139159921:G:A	NA	NA	2e+05	0.152596292823016	NA
22	194	rs567211224:G:T	NA	NA	2e+05	-1.96436756960182	NA
22	195	rs189435724:T:C	NA	NA	2e+05	-0.135308756871401	NA
22	196	rs552434569:C:CA	NA	NA	2e+05	-0.841238381605188	NA
22	197	rs192484669:C:G	NA	NA	2e+05	2.06032519199661	NA
22	198	22:32819744:GA:G	NA	NA	2e+05	-4.01744276244483	NA
22	199	22:32819788:G:T	NA	NA	2e+05	-2.54034892424195	NA
22	200	rs73402917:C:A	NA	NA	2e+05	-3.6992635845183	NA
22	201	rs577377862:C:T	NA	NA	2e+05	1.783717386589	NA
22	202	rs546341797:A:G	NA	NA	2e+05	-2.75684095098799	NA
22	203	rs766316227:T:C	NA	NA	2e+05	-2.55846099426027	NA
22	204	rs565025090:A:G	NA	NA	2e+05	4.0670738208091	NA
22	205	rs561074763:G:A	NA	NA	2e+05	0.8751800099062	NA
22	206	rs73402918:A:G	NA	NA	2e+05	-3.60419060668997	NA
22	207	rs74505546:C:G	NA	NA	2e+05	-3.97549598170094	NA
22	208	22:32820316:T:G	NA	NA	2e+05	-3.17628813407202	NA
22	209	rs11089564:G:A	NA	NA	2e+05	-4.31873641963255	NA
22	210	rs555224025:C:T	NA	NA	2e+05	2.96398528285652	NA
22	211	rs755551044:C:T	NA	NA	2e+05	1.81764840188851	NA
22	212	rs113587088:A:AAGGGTAT	NA	NA	2e+05	1.14060361294633	NA
22	213	rs537766116:T:C	NA	NA	2e+05	0.0983335583091218	NA
22	214	rs577314388:T:C	NA	NA	2e+05	-1.09825923150904	NA
22	215	rs546278544:T:C	NA	NA	2e+05	2.51997281010872	NA
22	216	rs186112635:C:T	NA	NA	2e+05	-3.32905441455732	NA
22	217	rs112461465:G:A	NA	NA	2e+05	1.00176062483918	NA
22	218	rs138501302:A:G	NA	NA	2e+05	2.06664883965111	NA
22	219	rs2076046:T:C	NA	NA	2e+05	-4.21582179664721	NA
22	220	rs759527379:G:C	NA	NA	2e+05	1.42171849978914	NA
22	221	rs548460522:C:T	NA	NA	2e+05	-2.02501327768989	NA
22	222	rs2076047:C:T	NA	NA	2e+05	-1.99500868258431	NA
22	223	rs763826564:A:G	NA	NA	2e+05	-1.55369867236996	NA
22	224	rs2076048:T:G	NA	NA	2e+05	-1.99805005753593	NA
22	225	rs9606952:C:A	NA	NA	2e+05	-5.48635577396235	NA
22	226	rs9606953:T:C	NA	NA	2e+05	-5.49018766343996	NA
22	227	rs12484451:G:A	NA	NA	2e+05	1.00999611192312	NA
22	228	rs2076049:C:G	NA	NA	2e+05	-2.01393676423661	NA
22	229	rs563293088:G:A	NA	NA	2e+05	0.454340504325908	NA
22	230	rs73170329:A:G	NA	NA	2e+05	-5.48639255579057	NA
22	231	rs548271371:C:T	NA	NA	2e+05	0.218329865666613	NA
22	232	rs117167553:C:T	NA	NA	2e+05	-3.89357071957831	NA
22	233	rs577755333:G:A	NA	NA	2e+05	4.07864696742742	NA
22	234	rs115972692:C:T	NA	NA	2e+05	0.053031258376287	NA
22	235	rs535530915:T:C	NA	NA	2e+05	2.86481115539963	NA
22	236	rs771171884:T:G	NA	NA	2e+05	0.128724617382247	NA
22	237	rs57594248:T:C	NA	NA	2e+05	-2.80890620403345	NA
22	238	rs117348649:G:A	NA	NA	2e+05	-3.9917851706487	NA
22	239	rs769752511:T:C	NA	NA	2e+05	1.1973146751219	NA
22	240	rs374689644:T:C	NA	NA	2e+05	0.240572355632501	NA
22	241	rs9609546:C:T	NA	NA	2e+05	-4.05135380325913	NA
22	242	rs9609547:C:T	NA	NA	2e+05	2.49035371428476	NA
22	243	22:32822263:AT:A	NA	NA	2e+05	1.87335300041836	NA
22	244	rs56010172:C:T	NA	NA	2e+05	3.93580934327347	NA
22	245	rs760217090:A:G	NA	NA	2e+05	-2.5704326296349	NA
22	246	rs564683004:C:T	NA	NA	2e+05	-2.3427106045994	NA
22	247	22:32822475:G:A	NA	NA	2e+05	1.18497569980509	NA
22	248	rs76580738:T:C	NA	NA	2e+05	3.14199145482183	NA
22	249	rs117778802:C:A	NA	NA	2e+05	-3.9986848878663	NA
22	250	rs569371410:G:A	NA	NA	2e+05	2.42287931088305	NA
22	251	rs55675409:G:A	NA	NA	2e+05	3.92710385230628	NA
22	252	rs145267094:C:T	NA	NA	2e+05	-5.49272607096875	NA
22	253	rs745966699:G:A	NA	NA	2e+05	-3.11882179722047	NA
22	254	rs5994568:A:G	NA	NA	2e+05	-5.01196819530665	NA
22	255	rs558691581:G:C	NA	NA	2e+05	-0.70790223247855	NA
22	256	rs575410548:C:T	NA	NA	2e+05	1.50540646826241	NA
22	257	22:32822962:G:A	NA	NA	2e+05	3.93270607862918	NA
22	258	rs768620247:G:C	NA	NA	2e+05	-0.127581468939416	NA
22	259	rs540926823:C:T	NA	NA	2e+05	2.2368790066951	NA
22	260	rs1543320:A:G	NA	NA	2e+05	-4.20694071002467	NA
22	261	rs554587565:C:G	NA	NA	2e+05	-2.2488246174585	NA
22	262	rs5749435:A:C	NA	NA	2e+05	3.72321091573278	NA
22	263	rs5749436:G:A	NA	NA	2e+05	-1.97040742959646	NA
22	264	rs560152952:G:A	NA	NA	2e+05	4.87254638868914	NA
22	265	rs16990437:C:T	NA	NA	2e+05	0.477078356856914	NA
22	266	rs539293243:C:T	NA	NA	2e+05	0.16953140921447	NA
22	267	rs140562581:C:T	NA	NA	2e+05	-2.03624001679348	NA
22	268	rs144531842:C:T	NA	NA	2e+05	0.512532931613624	NA
22	269	22:32823485:G:A	NA	NA	2e+05	-1.19554232499398	NA
22	270	rs9621440:C:T	NA	NA	2e+05	5.49791038300132	NA
22	271	rs560539724:T:C	NA	NA	2e+05	1.66424125339769	NA
22	272	rs1972181:G:A	NA	NA	2e+05	-6.00801408782496	NA
22	273	rs5749437:G:A	NA	NA	2e+05	0.305228552369038	NA
22	274	rs192970867:T:C	NA	NA	2e+05	-0.162788969734892	NA
22	275	rs185183210:A:G	NA	NA	2e+05	1.09423649480863	NA
22	276	22:32824027:CT:C	NA	NA	2e+05	-5.07147747312373	NA
22	277	rs146596601:C:T	NA	NA	2e+05	5.07100254758802	NA
22	278	rs61602510:G:A	NA	NA	2e+05	-0.581445218878556	NA
22	279	rs577781800:C:T	NA	NA	2e+05	-4.86177714518828	NA
22	280	rs74539232:G:A	NA	NA	2e+05	0.352762689823617	NA
22	281	rs568493905:T:TGC	NA	NA	2e+05	-4.49565853516504	NA
22	282	rs543297788:C:T	NA	NA	2e+05	-0.612382237228355	NA
22	283	rs200623512:T:C	NA	NA	2e+05	-0.357367415241697	NA
22	284	rs78547898:G:A	NA	NA	2e+05	-0.970948265719989	NA
22	285	rs576006113:T:C	NA	NA	2e+05	1.24085492675494	NA
22	286	rs759045671:C:T	NA	NA	2e+05	-1.98683232143495	NA
22	287	rs527751184:C:T	NA	NA	2e+05	1.46112764989124	NA
22	288	rs547575021:G:A	NA	NA	2e+05	-3.81670952290969	NA
22	289	rs764529163:C:T	NA	NA	2e+05	0.683027379432508	NA
22	290	rs11089565:C:T	NA	NA	2e+05	-2.00319297684797	NA
22	291	rs138423142:T:A	NA	NA	2e+05	5.98016147347094	NA
22	292	rs539288559:T:G	NA	NA	2e+05	-0.547711212126117	NA
22	293	rs533845130:G:A	NA	NA	2e+05	0.120069273517517	NA
22	294	rs569004298:C:CA	NA	NA	2e+05	0.823606118799405	NA
22	295	rs73170333:C:A	NA	NA	2e+05	10.5364513860723	NA
22	296	rs12163081:C:T	NA	NA	2e+05	3.55362835324398	NA
22	297	rs75996161:C:T	NA	NA	2e+05	6.36816420816331	NA
22	298	rs529072344:G:A	NA	NA	2e+05	-0.778284517753487	NA
22	299	rs7285033:A:G	NA	NA	2e+05	-4.25195271157124	NA
22	300	rs146402408:T:TTTTTAC	NA	NA	2e+05	10.3152092754078	NA
22	301	rs551710161:C:T	NA	NA	2e+05	-4.4173089440464	NA
22	302	rs181262454:G:A	NA	NA	2e+05	-4.40898342410201	NA
22	303	rs533600768:C:T	NA	NA	2e+05	-1.3608787285321	NA
22	304	rs185342106:G:A	NA	NA	2e+05	0.325476755934592	NA
22	305	rs185342106:G:T	NA	NA	2e+05	0.66047687466114	NA
22	306	rs567282951:C:T	NA	NA	2e+05	1.77146416503701	NA
22	307	rs536361753:G:A	NA	NA	2e+05	2.2405333547058	NA
22	308	rs562322062:T:C	NA	NA	2e+05	2.74759875045887	NA
22	309	22:32825406:G:C	NA	NA	2e+05	0.0313696440529089	NA
22	310	rs148188507:C:T	NA	NA	2e+05	10.5273387270063	NA
22	311	rs80221555:A:C	NA	NA	2e+05	0.212344851674982	NA
22	312	rs150742646:G:A	NA	NA	2e+05	10.2112642195777	NA
22	313	rs5998486:C:G	NA	NA	2e+05	-1.97237391472023	NA
22	314	rs372112331:C:T	NA	NA	2e+05	1.57144737031785	NA
22	315	rs531577007:C:A	NA	NA	2e+05	1.77097072241098	NA
22	316	rs545319293:G:A	NA	NA	2e+05	-5.14157376628376	NA
22	317	rs143529672:G:A	NA	NA	2e+05	4.20671000492451	NA
22	318	rs569492241:A:G	NA	NA	2e+05	-6.9331315253535	NA
22	319	rs5998487:T:C	NA	NA	2e+05	2.09965982270041	NA
22	320	22:32825860:C:T	NA	NA	2e+05	1.17924041432178	NA
22	321	rs5754080:A:G	NA	NA	2e+05	-4.26483041349662	NA
22	322	rs571021508:C:T	NA	NA	2e+05	-1.214799425884	NA
22	323	rs116009753:A:G	NA	NA	2e+05	-2.93684777609026	NA
22	324	22:32826140:A:G	NA	NA	2e+05	-2.15682346445563	NA
22	325	rs58900751:G:A	NA	NA	2e+05	-3.75910013363536	NA
22	326	rs5754081:G:T	NA	NA	2e+05	-2.06020480904967	NA
22	327	rs543924399:C:T	NA	NA	2e+05	-4.59865716219971	NA
22	328	rs576282490:T:G	NA	NA	2e+05	1.32446823898375	NA
22	329	rs545259378:C:T	NA	NA	2e+05	1.06159790843062	NA
22	330	22:32826511:CAT:C	NA	NA	2e+05	-0.0214342540844811	NA
22	331	rs2142717:A:G	NA	NA	2e+05	-5.42844155676456	NA
22	332	rs2413116:C:A	NA	NA	2e+05	6.27189970785907	NA
22	333	rs532550704:G:A	NA	NA	2e+05	2.86155734443651	NA
22	334	rs192236192:C:T	NA	NA	2e+05	2.03839528488238	NA
22	335	22:32826898:C:T	NA	NA	2e+05	2.40837044511619	NA
22	336	rs772594668:G:A	NA	NA	2e+05	0.547966548599423	NA
22	337	rs16990443:C:T	NA	NA	2e+05	10.6009477256862	NA
22	338	22:32827129:G:A	NA	NA	2e+05	2.54512124229399	NA
22	339	rs577378074:C:T	NA	NA	2e+05	-2.21694764321805	NA
22	340	rs373017549:A:G	NA	NA	2e+05	2.18960769337001	NA
22	341	rs186958790:G:A	NA	NA	2e+05	-2.38963006070202	NA
22	342	rs759851135:A:G	NA	NA	2e+05	1.99904561637022	NA
22	343	rs148714146:T:C	NA	NA	2e+05	-6.11288817757656	NA
22	344	rs191350370:T:C	NA	NA	2e+05	-1.46468595129385	NA
22	345	rs16990445:T:C	NA	NA	2e+05	10.5548370578565	NA
22	346	rs186726600:A:T	NA	NA	2e+05	0.809449964333048	NA
22	347	rs9609549:G:C	NA	NA	2e+05	-1.76955705357588	NA
22	348	rs537758371:T:C	NA	NA	2e+05	-1.47034833650332	NA
22	349	rs182147831:A:G	NA	NA	2e+05	-2.4983834994437	NA
22	350	rs757134057:C:A	NA	NA	2e+05	-1.4981400688386	NA
22	351	rs553472290:C:G	NA	NA	2e+05	2.9390580584122	NA
22	352	rs74566641:G:C	NA	NA	2e+05	-6.41856831777389	NA
22	353	rs543317637:C:T	NA	NA	2e+05	2.27116149019981	NA
22	354	rs562906643:C:T	NA	NA	2e+05	-1.33265982486764	NA
22	355	rs187867571:G:A	NA	NA	2e+05	-3.93396585521089	NA
22	356	rs779637608:G:A	NA	NA	2e+05	-2.67607723864251	NA
22	357	rs548731557:T:C	NA	NA	2e+05	-1.34173372226829	NA
22	358	rs562291935:C:T	NA	NA	2e+05	3.0126239613442	NA
22	359	rs185320000:G:C	NA	NA	2e+05	-1.998583879381	NA
22	360	rs539865781:C:T	NA	NA	2e+05	-0.725578275339104	NA
22	361	rs535592103:G:A	NA	NA	2e+05	-1.20046577141147	NA
22	362	rs150852332:C:A	NA	NA	2e+05	-1.40515358350133	NA
22	363	rs117216213:G:A	NA	NA	2e+05	-0.473629721401313	NA
22	364	rs139576658:G:A	NA	NA	2e+05	4.8611571881625	NA
22	365	rs552712677:T:C	NA	NA	2e+05	1.87666052531907	NA
22	366	rs74516378:G:A	NA	NA	2e+05	-3.90476683242583	NA
22	367	rs200322407:A:C	NA	NA	2e+05	1.65441722175564	NA
22	368	rs372381475:G:A	NA	NA	2e+05	-2.95228317570549	NA
22	369	rs202141667:G:A	NA	NA	2e+05	-4.04023710129517	NA
22	370	rs764334166:G:A	NA	NA	2e+05	-4.0181968231589	NA
22	371	rs566773409:C:T	NA	NA	2e+05	0.327774615134925	NA
22	372	rs549107714:A:C	NA	NA	2e+05	-2.97521195626913	NA
22	373	rs146598978:G:A	NA	NA	2e+05	-5.2985774535951	NA
22	374	rs556825236:G:A	NA	NA	2e+05	-3.96879986452435	NA
22	375	rs750258824:G:A	NA	NA	2e+05	-3.52322619028785	NA
22	376	rs114453447:G:A	NA	NA	2e+05	-1.45236373524693	NA
22	377	rs141365913:G:A	NA	NA	2e+05	-2.37018814852892	NA
22	378	rs533647499:G:A	NA	NA	2e+05	-1.81201116860556	NA
22	379	rs753556671:C:T	NA	NA	2e+05	3.33361988509407	NA
22	380	rs754613640:G:T	NA	NA	2e+05	1.75720843212006	NA
22	381	rs188355341:C:A	NA	NA	2e+05	2.93747591880584	NA
22	382	rs781501129:C:T	NA	NA	2e+05	0.516300342282588	NA
22	383	rs181002062:G:A	NA	NA	2e+05	5.75474889565817	NA
22	384	22:32829430:C:T	NA	NA	2e+05	1.49692248336477	NA
22	385	rs16990449:C:T	NA	NA	2e+05	-9.73129732443662	NA
22	386	rs16990451:G:A	NA	NA	2e+05	-5.887379853344	NA
22	387	rs183714533:T:C	NA	NA	2e+05	5.72566985594462	NA
22	388	rs770214227:C:T	NA	NA	2e+05	1.40513320411308	NA
22	389	rs535468590:C:T	NA	NA	2e+05	-1.21135629239161	NA
22	390	rs555486103:A:T	NA	NA	2e+05	-1.09623100405352	NA
22	391	rs75895911:C:T	NA	NA	2e+05	-0.68453804370343	NA
22	392	rs190575030:C:T	NA	NA	2e+05	-1.30083631674543	NA
22	393	rs200078784:T:C	NA	NA	2e+05	3.29418420219625	NA
22	394	rs540919119:G:C	NA	NA	2e+05	4.39030380256164	NA
22	395	rs564295642:C:T	NA	NA	2e+05	3.31159739394376	NA
22	396	rs8135445:T:A	NA	NA	2e+05	4.96328659028013	NA
22	397	rs566685486:T:A	NA	NA	2e+05	-1.8297754236636	NA
22	398	rs535763687:G:A	NA	NA	2e+05	-1.81525596229925	NA
22	399	22:32830121:C:G	NA	NA	2e+05	4.26552659385625	NA
22	400	22:32830290:CTT:C	NA	NA	2e+05	-0.306225060258694	NA
22	401	22:32830360:CTTTA:C	NA	NA	2e+05	5.62409215614434	NA
22	402	rs529466705:T:TA	NA	NA	2e+05	-2.05973944570863	NA
22	403	rs185604774:T:C	NA	NA	2e+05	5.81152735204777	NA
22	404	22:32830423:A:G	NA	NA	2e+05	5.5556092553316	NA
22	405	rs190020252:C:A	NA	NA	2e+05	1.38310110845227	NA
22	406	rs200195762:T:TTA	NA	NA	2e+05	1.41069380387746	NA
22	407	rs555384290:T:TTA	NA	NA	2e+05	-1.87150012251697	NA
22	408	rs562503324:A:G	NA	NA	2e+05	1.29023617444444	NA
22	409	rs767509560:T:C	NA	NA	2e+05	4.45187602969802	NA
22	410	rs565261375:T:C	NA	NA	2e+05	1.37573166931763	NA
22	411	rs138812562:T:C	NA	NA	2e+05	-4.29835842756958	NA
22	412	rs562165455:C:A	NA	NA	2e+05	0.68982055274374	NA
22	413	rs6518776:C:T	NA	NA	2e+05	-4.57024884602423	NA
22	414	rs187819354:G:A	NA	NA	2e+05	-0.942355978674798	NA
22	415	rs142020726:A:AATG	NA	NA	2e+05	-11.2985598281418	NA
22	416	rs191987804:A:T	NA	NA	2e+05	-1.72462418386707	NA
22	417	rs533912979:G:A	NA	NA	2e+05	-2.00607329673542	NA
22	418	rs188470695:T:C	NA	NA	2e+05	0.52156076925983	NA
22	419	rs567530855:C:T	NA	NA	2e+05	2.26740799211944	NA
22	420	rs536541568:T:C	NA	NA	2e+05	0.00996889094797623	NA
22	421	rs16990456:C:T	NA	NA	2e+05	-6.58321866327339	NA
22	422	rs116799098:A:G	NA	NA	2e+05	-1.33704537012398	NA
22	423	rs77380610:A:C	NA	NA	2e+05	-11.9392956567064	NA
22	424	rs562807045:A:T	NA	NA	2e+05	3.48549918245446	NA
22	425	rs77716556:G:A	NA	NA	2e+05	2.49779972929743	NA
22	426	rs111330819:C:G	NA	NA	2e+05	-4.85953157629565	NA
22	427	rs2076050:C:T	NA	NA	2e+05	-4.20491938222655	NA
22	428	rs556420886:T:C	NA	NA	2e+05	-3.06056865665715	NA
22	429	rs189299956:A:G	NA	NA	2e+05	-0.899689290521856	NA
22	430	rs572412111:C:G	NA	NA	2e+05	-2.33127538088313	NA
22	431	rs5994570:C:G	NA	NA	2e+05	-2.45586131861762	NA
22	432	rs11702903:C:T	NA	NA	2e+05	-2.79549612933442	NA
22	433	rs2076051:A:G	NA	NA	2e+05	-9.9232868135448	NA
22	434	rs73884913:G:A	NA	NA	2e+05	-4.43586831598153	NA
22	435	rs146292752:C:T	NA	NA	2e+05	2.0548309770224	NA
22	436	rs139540172:G:T	NA	NA	2e+05	-0.623726593350872	NA
22	437	rs371776900:A:G	NA	NA	2e+05	-3.64294344137537	NA
22	438	rs375362691:G:A	NA	NA	2e+05	2.25187216135177	NA
22	439	rs113849603:G:A	NA	NA	2e+05	0.595755154388705	NA
22	440	rs552873183:C:T	NA	NA	2e+05	-1.40284200993282	NA
22	441	rs190320456:T:C	NA	NA	2e+05	1.25912470871903	NA
22	442	rs2076052:C:T	NA	NA	2e+05	-11.7981700405424	NA
22	443	rs556357156:T:C	NA	NA	2e+05	0.316285663769974	NA
22	444	rs576228781:A:C	NA	NA	2e+05	3.85127446703013	NA
22	445	22:32832131:A:G	NA	NA	2e+05	-6.02508753938096	NA
22	446	rs181618133:G:A	NA	NA	2e+05	-0.671007937151113	NA
22	447	rs12165619:C:T	NA	NA	2e+05	2.80804912771841	NA
22	448	rs190264927:C:A	NA	NA	2e+05	2.35030848850088	NA
22	449	rs535544969:C:T	NA	NA	2e+05	-0.377430244979092	NA
22	450	rs5754084:A:C	NA	NA	2e+05	-1.41699933050849	NA
22	451	rs140125046:G:A	NA	NA	2e+05	0.946584806565721	NA
22	452	rs142429275:C:G	NA	NA	2e+05	2.62034098158009	NA
22	453	rs748379464:G:T	NA	NA	2e+05	-1.37253171386032	NA
22	454	22:32832401:AAGAAGG:A	NA	NA	2e+05	0.207108547985656	NA
22	455	rs563876749:G:A	NA	NA	2e+05	4.13624070085904	NA
22	456	rs557538823:G:A	NA	NA	2e+05	0.341794525180369	NA
22	457	rs768437483:C:T	NA	NA	2e+05	0.957112337886568	NA
22	458	rs2076054:C:T	NA	NA	2e+05	-8.97188720595036	NA
22	459	rs767645067:GA:G	NA	NA	2e+05	-14.9502205077494	NA
22	460	rs150488449:C:G	NA	NA	2e+05	0.300888156967158	NA
22	461	rs738260:T:A	NA	NA	2e+05	-11.9534924288891	NA
22	462	rs738261:A:C	NA	NA	2e+05	-6.15501455233389	NA
22	463	22:32833334:C:T	NA	NA	2e+05	3.74289362696075	NA
22	464	rs189196951:T:C	NA	NA	2e+05	0.295635804366758	NA
22	465	rs539568844:T:A	NA	NA	2e+05	2.30674665194535	NA
22	466	rs558669943:T:C	NA	NA	2e+05	0.29563583677745	NA
22	467	rs183197095:C:A	NA	NA	2e+05	-5.4151866021054	NA
22	468	rs187497322:C:T	NA	NA	2e+05	-2.57312919116963	NA
22	469	rs191822479:T:C	NA	NA	2e+05	0.293131950781596	NA
22	470	rs183083259:T:C	NA	NA	2e+05	0.29066586436607	NA
22	471	rs551593388:G:C	NA	NA	2e+05	-2.25725427153193	NA
22	472	rs145861963:C:T	NA	NA	2e+05	1.94707938647711	NA
22	473	rs375008064:C:T	NA	NA	2e+05	-1.97949802702202	NA
22	474	rs192779703:G:A	NA	NA	2e+05	0.221431367382605	NA
22	475	rs372145332:C:G	NA	NA	2e+05	-1.44509068599709	NA
22	476	rs113666931:T:C	NA	NA	2e+05	-2.25358242956321	NA
22	477	rs117472294:T:C	NA	NA	2e+05	2.3540501266767	NA
22	478	rs754465458:A:T	NA	NA	2e+05	0.101261621229249	NA
22	479	rs554427288:A:G	NA	NA	2e+05	-0.0948128014146267	NA
22	480	rs184369244:A:G	NA	NA	2e+05	2.82054360714332	NA
22	481	rs7285918:A:T	NA	NA	2e+05	7.22482420734526	NA
22	482	rs17691669:T:C	NA	NA	2e+05	3.13266466380194	NA
22	483	rs778005596:G:A	NA	NA	2e+05	0.989760393940839	NA
22	484	rs143113648:G:GGAATGT	NA	NA	2e+05	-10.0728615769543	NA
22	485	rs562287786:C:A	NA	NA	2e+05	7.20568427794956	NA
22	486	rs76293237:A:C	NA	NA	2e+05	2.92155071100856	NA
22	487	rs116270210:T:C	NA	NA	2e+05	0.853134411572008	NA
22	488	rs547049859:T:C	NA	NA	2e+05	1.90866722853898	NA
22	489	rs7291430:T:C	NA	NA	2e+05	7.21632534538502	NA
22	490	22:32834571:G:A	NA	NA	2e+05	-2.97181339074077	NA
22	491	rs547934726:C:T	NA	NA	2e+05	2.56479307087059	NA
22	492	rs62241171:T:G	NA	NA	2e+05	1.55639234402946	NA
22	493	rs368033635:T:G	NA	NA	2e+05	4.96658992386392	NA
22	494	22:32834804:CTT:C	NA	NA	2e+05	-2.37792066079448	NA
22	495	22:32834904:GC:G	NA	NA	2e+05	0.114487051536379	NA
22	496	22:32835034:TGG:T	NA	NA	2e+05	2.14792553474402	NA
22	497	rs139502195:C:T	NA	NA	2e+05	2.00039215385115	NA
22	498	rs767196567:G:T	NA	NA	2e+05	2.10128401763379	NA
22	499	rs760005099:G:T	NA	NA	2e+05	1.25711219621122	NA
22	500	rs9621446:G:A	NA	NA	2e+05	3.63031461971937	NA
22	501	rs139728762:T:C	NA	NA	2e+05	3.08224131387888	NA
22	502	rs577954641:A:C	NA	NA	2e+05	2.91989970575341	NA
22	503	rs16990469:G:A	NA	NA	2e+05	-0.0798369502918128	NA
22	504	rs559429555:T:C	NA	NA	2e+05	-8.33162004597575	NA
22	505	rs78086672:C:T	NA	NA	2e+05	3.53292385802595	NA
22	506	22:32835457:C:A	NA	NA	2e+05	-2.62695425695424	NA
22	507	rs9609552:C:T	NA	NA	2e+05	-11.8546495445085	NA
22	508	rs5754085:T:C	NA	NA	2e+05	-0.781787269133299	NA
22	509	rs12166079:A:T	NA	NA	2e+05	-1.29351635983214	NA
22	510	rs62241172:A:G	NA	NA	2e+05	4.83767316600623	NA
22	511	22:32835609:CT:C	NA	NA	2e+05	-2.89313807094876	NA
22	512	rs779988848:C:T	NA	NA	2e+05	-0.492335553960171	NA
22	513	rs5994571:T:G	NA	NA	2e+05	0.966861901483172	NA
22	514	rs117945105:G:A	NA	NA	2e+05	4.88130851727608	NA
22	515	rs74279750:G:A	NA	NA	2e+05	-9.8145792470964	NA
22	516	rs181263642:A:G	NA	NA	2e+05	1.20734408594342	NA
22	517	rs73170345:G:A	NA	NA	2e+05	-0.220292296732865	NA
22	518	rs9621447:C:T	NA	NA	2e+05	4.75089458008574	NA
22	519	rs185943542:G:A	NA	NA	2e+05	-0.317846951388377	NA
22	520	rs528923007:A:T	NA	NA	2e+05	-5.40305214385855	NA
22	521	rs568824780:T:A	NA	NA	2e+05	-1.42826283136856	NA
22	522	rs760492452:ACTC:A	NA	NA	2e+05	-14.7923216541908	NA
22	523	rs148566903:G:A	NA	NA	2e+05	-4.17004882226905	NA
22	524	rs571851795:C:A	NA	NA	2e+05	1.82716373723637	NA
22	525	rs554073597:T:C	NA	NA	2e+05	1.69994058791408	NA
22	526	rs542580561:T:C	NA	NA	2e+05	-0.944287536707816	NA
22	527	rs12167810:A:C	NA	NA	2e+05	13.0439804036615	NA
22	528	rs191205067:C:G	NA	NA	2e+05	-1.64106568378038	NA
22	529	rs771873974:C:A	NA	NA	2e+05	-1.57997567810389	NA
22	530	rs566262710:A:AT	NA	NA	2e+05	5.45437589962234	NA
22	531	rs551501487:C:T	NA	NA	2e+05	1.87611027234103	NA
22	532	rs528064010:T:A	NA	NA	2e+05	1.92878598450407	NA
22	533	rs369897220:C:A	NA	NA	2e+05	3.81055513849877	NA
22	534	rs547602472:G:A	NA	NA	2e+05	-2.25434422404776	NA
22	535	rs774729005:A:G	NA	NA	2e+05	2.18678980811065	NA
22	536	rs576421608:C:T	NA	NA	2e+05	1.84924898725761	NA
22	537	rs559035639:T:C	NA	NA	2e+05	1.34741808198498	NA
22	538	rs577894641:C:T	NA	NA	2e+05	1.34698935909914	NA
22	539	rs560410906:C:T	NA	NA	2e+05	-2.32527355072653	NA
22	540	rs760801150:G:A	NA	NA	2e+05	0.971150889609101	NA
22	541	rs531366356:G:A	NA	NA	2e+05	-4.81691001413723	NA
22	542	rs551174756:A:G	NA	NA	2e+05	1.65268591078636	NA
22	543	rs527407910:C:T	NA	NA	2e+05	-1.29550579625333	NA
22	544	rs572544403:G:T	NA	NA	2e+05	-2.8702364367771	NA
22	545	rs376917264:A:G	NA	NA	2e+05	-3.45663166948527	NA
22	546	rs74642428:C:T	NA	NA	2e+05	-8.92242091554156	NA
22	547	rs7288758:G:A	NA	NA	2e+05	-3.37486251985513	NA
22	548	rs138023883:G:A	NA	NA	2e+05	-3.25191943885668	NA
22	549	rs2092136:A:G	NA	NA	2e+05	7.77802667523688	NA
22	550	rs529364458:T:C	NA	NA	2e+05	6.69341462463363	NA
22	551	rs192503076:T:G	NA	NA	2e+05	-3.04030828992681	NA
22	552	rs2179166:T:C	NA	NA	2e+05	7.12990159151337	NA
22	553	rs184596225:G:A	NA	NA	2e+05	-1.34146174648082	NA
22	554	rs188994300:G:T	NA	NA	2e+05	-2.58690580751086	NA
22	555	rs5998493:C:T	NA	NA	2e+05	0.291172553520846	NA
22	556	rs56258507:G:A	NA	NA	2e+05	2.24812882304649	NA
22	557	rs752750482:T:C	NA	NA	2e+05	-0.292520464533132	NA
22	558	rs150631852:G:A	NA	NA	2e+05	1.87917238127468	NA
22	559	rs201735290:C:T	NA	NA	2e+05	-2.37572215297732	NA
22	560	rs548619699:G:A	NA	NA	2e+05	0.802782315519239	NA
22	561	rs7284407:G:A	NA	NA	2e+05	6.05766502752981	NA
22	562	rs538917975:C:T	NA	NA	2e+05	0.0672770495844054	NA
22	563	rs558450473:C:T	NA	NA	2e+05	-0.898994668608187	NA
22	564	rs150860107:C:T	NA	NA	2e+05	3.39821669493472	NA
22	565	rs115565698:G:A	NA	NA	2e+05	-0.810868900642665	NA
22	566	rs139353575:A:G	NA	NA	2e+05	-2.34544252288327	NA
22	567	rs17691812:G:C	NA	NA	2e+05	2.62750354178766	NA
22	568	22:32839086:C:T	NA	NA	2e+05	0.315886290142244	NA
22	569	rs185087103:G:A	NA	NA	2e+05	0.448837801199407	NA
22	570	rs560054884:C:T	NA	NA	2e+05	0.515298994987762	NA
22	571	rs186133163:T:G	NA	NA	2e+05	-3.0276086977228	NA
22	572	rs531027592:G:A	NA	NA	2e+05	-4.64727064789474	NA
22	573	rs112768009:C:T	NA	NA	2e+05	1.0604827872637	NA
22	574	rs557517594:G:A	NA	NA	2e+05	2.72547905428046	NA
22	575	rs537127915:G:A	NA	NA	2e+05	-0.655790455802071	NA
22	576	rs573683190:G:A	NA	NA	2e+05	-1.62715514177695	NA
22	577	rs536369940:C:T	NA	NA	2e+05	4.07741033144745	NA
22	578	rs2413118:C:T	NA	NA	2e+05	0.291099846275343	NA
22	579	rs55729707:G:A	NA	NA	2e+05	-6.82621258576369	NA
22	580	rs60305871:G:A	NA	NA	2e+05	-3.39395883989919	NA
22	581	rs542583669:C:T	NA	NA	2e+05	-1.63967976516842	NA
22	582	rs181993629:C:T	NA	NA	2e+05	-5.50317130964204	NA
22	583	rs530841920:C:T	NA	NA	2e+05	0.079772957040656	NA
22	584	rs78905603:A:T	NA	NA	2e+05	-9.36489516588892	NA
22	585	rs150969008:T:A	NA	NA	2e+05	6.25421176311439	NA
22	586	rs186536218:A:C	NA	NA	2e+05	8.28897572975049	NA
22	587	rs77786354:C:T	NA	NA	2e+05	-1.47151025533278	NA
22	588	rs736123:G:A	NA	NA	2e+05	8.01779665299859	NA
22	589	rs561156056:C:T	NA	NA	2e+05	-3.85053925805398	NA
22	590	rs529813900:C:T	NA	NA	2e+05	-1.90867729003988	NA
22	591	22:32839803:TGTAAACTTGCCCA:T	NA	NA	2e+05	-4.91786369140679	NA
22	592	rs183836224:G:A	NA	NA	2e+05	-0.160410613404327	NA
22	593	rs558051120:C:G	NA	NA	2e+05	1.54575107541783	NA
22	594	rs558051120:C:T	NA	NA	2e+05	-5.20433975626838	NA
22	595	rs756939956:G:A	NA	NA	2e+05	-0.0418381539326297	NA
22	596	rs186699101:G:T	NA	NA	2e+05	-0.188924416078853	NA
22	597	rs59051970:T:C	NA	NA	2e+05	-3.5681511889709	NA
22	598	rs191456961:C:T	NA	NA	2e+05	-2.79149771602262	NA
22	599	rs559119251:G:A	NA	NA	2e+05	3.58119282610362	NA
22	600	rs779582577:C:T	NA	NA	2e+05	-0.914298471010292	NA
22	601	rs17770589:G:T	NA	NA	2e+05	16.6283783614325	NA
22	602	rs568236345:G:C	NA	NA	2e+05	-0.312539554908525	NA
22	603	rs9621450:C:T	NA	NA	2e+05	-6.9890051319414	NA
22	604	rs186726721:C:T	NA	NA	2e+05	-1.33657980925364	NA
22	605	rs114789643:C:T	NA	NA	2e+05	-0.0254975028680763	NA
22	606	22:32840573:TA:T	NA	NA	2e+05	0.163035993952792	NA
22	607	rs9621451:A:G	NA	NA	2e+05	10.8465010324011	NA
22	608	rs75204746:C:G	NA	NA	2e+05	1.199413954215	NA
22	609	rs9621452:T:C	NA	NA	2e+05	12.927502433395	NA
22	610	rs138682246:T:C	NA	NA	2e+05	5.33639747566572	NA
22	611	rs140377225:C:G	NA	NA	2e+05	-2.20677176214922	NA
22	612	rs541612039:C:G	NA	NA	2e+05	1.23276783316299	NA
22	613	rs145585268:C:T	NA	NA	2e+05	-5.35068106135452	NA
22	614	rs546637944:T:C	NA	NA	2e+05	1.30062181114886	NA
22	615	rs566546929:C:T	NA	NA	2e+05	4.51565998753314	NA
22	616	rs182153554:G:A	NA	NA	2e+05	-3.53499327725847	NA
22	617	rs569475930:C:T	NA	NA	2e+05	-0.983549233474532	NA
22	618	rs62241174:G:A	NA	NA	2e+05	2.77884410173051	NA
22	619	rs62241175:T:G	NA	NA	2e+05	2.77231218947078	NA
22	620	rs9609553:G:A	NA	NA	2e+05	0.226923575804013	NA
22	621	rs2076031:T:G	NA	NA	2e+05	-1.02493719695784	NA
22	622	rs544445391:G:GT	NA	NA	2e+05	2.8376505613859	NA
22	623	rs62241176:G:A	NA	NA	2e+05	2.77253202802588	NA
22	624	rs549109010:C:T	NA	NA	2e+05	2.05762931744596	NA
22	625	rs2076032:G:A	NA	NA	2e+05	-1.01840891586427	NA
22	626	rs371938778:C:T	NA	NA	2e+05	-0.952977106826898	NA
22	627	rs200857557:T:C	NA	NA	2e+05	2.14264900673231	NA
22	628	rs556650119:A:T	NA	NA	2e+05	-3.76353433264492	NA
22	629	rs576472501:A:G	NA	NA	2e+05	-3.76353437591319	NA
22	630	rs377510863:A:T	NA	NA	2e+05	-3.65509775270374	NA
22	631	rs17691853:C:T	NA	NA	2e+05	2.76636602063796	NA
22	632	rs369957427:C:G	NA	NA	2e+05	1.89701163715173	NA
22	633	rs78469100:C:T	NA	NA	2e+05	-0.246911235174643	NA
22	634	rs199986740:T:C	NA	NA	2e+05	0.120662451110908	NA
22	635	rs139756027:C:T	NA	NA	2e+05	2.40398328018479	NA
22	636	rs534216667:G:A	NA	NA	2e+05	-1.87105440968351	NA
22	637	rs371597095:C:T	NA	NA	2e+05	0.218283451642103	NA
22	638	rs73884917:G:A	NA	NA	2e+05	-4.46800444278122	NA
22	639	rs373233459:G:T	NA	NA	2e+05	-1.175554260856	NA
22	640	rs377601551:G:C	NA	NA	2e+05	2.25801817605284	NA
22	641	rs59738244:T:C	NA	NA	2e+05	12.9188274565545	NA
22	642	rs76006752:G:A	NA	NA	2e+05	-5.44345712071085	NA
22	643	rs528550709:C:A	NA	NA	2e+05	2.06269318230355	NA
22	644	rs16990479:G:A	NA	NA	2e+05	2.1575429865081	NA
22	645	rs143917341:T:C	NA	NA	2e+05	-6.71207046788575	NA
22	646	rs16990481:C:T	NA	NA	2e+05	5.82120652133932	NA
22	647	rs531294549:A:G	NA	NA	2e+05	-1.15680344021178	NA
22	648	rs9621453:C:T	NA	NA	2e+05	7.94921936575679	NA
22	649	rs187870003:T:C	NA	NA	2e+05	1.95652221910549	NA
22	650	rs2076033:A:G	NA	NA	2e+05	7.94539941581988	NA
22	651	rs143296122:G:A	NA	NA	2e+05	-5.55345708312333	NA
22	652	rs375539827:A:T	NA	NA	2e+05	-3.75849872235572	NA
22	653	rs116042159:T:C	NA	NA	2e+05	2.40006879831358	NA
22	654	rs539133713:G:A	NA	NA	2e+05	-0.28620352761266	NA
22	655	rs559122549:C:T	NA	NA	2e+05	-3.43860776057608	NA
22	656	rs781745563:G:A	NA	NA	2e+05	0.723270471055194	NA
22	657	rs74645503:T:C	NA	NA	2e+05	-0.307919810852316	NA
22	658	rs556120291:C:T	NA	NA	2e+05	0.912690151433777	NA
22	659	rs575658270:T:G	NA	NA	2e+05	-1.1390228023581	NA
22	660	rs113722113:T:C	NA	NA	2e+05	-3.1885247329281	NA
22	661	rs193094406:C:T	NA	NA	2e+05	-0.544939741302052	NA
22	662	rs185449737:T:G	NA	NA	2e+05	1.36718273031604	NA
22	663	rs773071768:G:A	NA	NA	2e+05	0.239532755317188	NA
22	664	rs117892123:A:G	NA	NA	2e+05	-2.64866233721958	NA
22	665	rs77725664:A:G	NA	NA	2e+05	-8.70440031147213	NA
22	666	rs16990482:A:T	NA	NA	2e+05	-8.35802807548695	NA
22	667	rs373904032:T:C	NA	NA	2e+05	1.95697554475612	NA
22	668	rs45606632:G:A	NA	NA	2e+05	2.70851598132263	NA
22	669	rs202224953:C:T	NA	NA	2e+05	-3.11745823892893	NA
22	670	rs144019646:T:C	NA	NA	2e+05	-0.586711897964348	NA
22	671	rs148657721:C:T	NA	NA	2e+05	1.85277084392141	NA
22	672	rs142123523:G:A	NA	NA	2e+05	0.291128339201984	NA
22	673	rs28733723:G:A	NA	NA	2e+05	-5.9061443715851	NA
22	674	rs143287045:T:C	NA	NA	2e+05	3.32075188306681	NA
22	675	rs528581573:T:A	NA	NA	2e+05	-1.49860368208436	NA
22	676	rs536024125:G:A	NA	NA	2e+05	-0.958654901645441	NA
22	677	rs4821063:C:T	NA	NA	2e+05	7.65407451965514	NA
22	678	22:32843567:T:C	NA	NA	2e+05	-0.528840479844942	NA
22	679	rs538557800:G:A	NA	NA	2e+05	2.50245041352405	NA
22	680	rs180966198:T:C	NA	NA	2e+05	-3.74921722002942	NA
22	681	rs537398864:G:A	NA	NA	2e+05	-0.247045909437026	NA
22	682	rs4821064:C:T	NA	NA	2e+05	-6.00502078878926	NA
22	683	rs4821065:T:C	NA	NA	2e+05	-1.68842183746084	NA
22	684	rs543626638:C:T	NA	NA	2e+05	4.00875509865798	NA
22	685	rs760656:C:T	NA	NA	2e+05	-2.3990481288909	NA
22	686	rs78691194:C:T	NA	NA	2e+05	-4.82639763928468	NA
22	687	rs562011915:A:G	NA	NA	2e+05	5.08904251968446	NA
22	688	rs143597395:G:A	NA	NA	2e+05	0.941359794080921	NA
22	689	rs542722730:C:T	NA	NA	2e+05	-5.97705848049008	NA
22	690	rs181937584:G:A	NA	NA	2e+05	-1.47523957145993	NA
22	691	rs769342106:T:A	NA	NA	2e+05	4.08063860092881	NA
22	692	rs756392721:C:G	NA	NA	2e+05	-1.559926369951	NA
22	693	rs762686335:T:C	NA	NA	2e+05	-3.73727608266617	NA
22	694	rs761303089:G:A	NA	NA	2e+05	0.783045549167757	NA
22	695	rs372064973:C:T	NA	NA	2e+05	3.87906501438041	NA
22	696	rs191466980:T:C	NA	NA	2e+05	-0.0945896048124106	NA
22	697	rs546503325:G:T	NA	NA	2e+05	-0.961299110299454	NA
22	698	rs573499540:C:T	NA	NA	2e+05	2.02586837201281	NA
22	699	rs62241179:C:A	NA	NA	2e+05	2.9593103739616	NA
22	700	rs12627966:C:T	NA	NA	2e+05	16.8053986154553	NA
22	701	rs551063216:A:G	NA	NA	2e+05	-2.04632792952629	NA
22	702	rs190028093:G:A	NA	NA	2e+05	0.785626009285515	NA
22	703	rs186624665:C:T	NA	NA	2e+05	-0.712897215902192	NA
22	704	rs568094319:G:T	NA	NA	2e+05	-3.68416499050758	NA
22	705	rs192331485:G:C	NA	NA	2e+05	1.05843253761269	NA
22	706	rs62241180:C:T	NA	NA	2e+05	3.17041701651578	NA
22	707	rs143897828:G:A	NA	NA	2e+05	-2.26216369676883	NA
22	708	rs183660408:C:T	NA	NA	2e+05	0.305787765472528	NA
22	709	rs573416309:T:C	NA	NA	2e+05	-4.26135905821687	NA
22	710	rs544287048:A:G	NA	NA	2e+05	1.01696720836662	NA
22	711	rs146601618:G:A	NA	NA	2e+05	-0.572627708773755	NA
22	712	rs528366796:G:C	NA	NA	2e+05	-0.697287756739629	NA
22	713	rs5754090:A:G	NA	NA	2e+05	-12.3369602340693	NA
22	714	rs184441743:T:C	NA	NA	2e+05	-1.20449642255066	NA
22	715	rs73170355:A:G	NA	NA	2e+05	4.00194173004698	NA
22	716	rs34629708:C:T	NA	NA	2e+05	16.6247416439088	NA
22	717	rs570512227:A:T	NA	NA	2e+05	1.91855769960586	NA
22	718	rs187332173:T:C	NA	NA	2e+05	4.93360277617541	NA
22	719	rs1986168:T:C	NA	NA	2e+05	16.8286342439339	NA
22	720	rs1986169:C:T	NA	NA	2e+05	-2.24562535280857	NA
22	721	rs369040038:C:T	NA	NA	2e+05	3.97075575701728	NA
22	722	rs540763411:T:C	NA	NA	2e+05	0.487592683502607	NA
22	723	rs5754091:G:A	NA	NA	2e+05	-12.4576173681937	NA
22	724	rs183798132:C:T	NA	NA	2e+05	3.69412756447692	NA
22	725	rs188985157:C:A	NA	NA	2e+05	-0.648072270309698	NA
22	726	rs5998496:C:G	NA	NA	2e+05	9.19731717718912	NA
22	727	22:32845972:T:C	NA	NA	2e+05	-1.67219558816658	NA
22	728	22:32845977:TC:T	NA	NA	2e+05	-0.169978512169048	NA
22	729	rs182473019:A:G	NA	NA	2e+05	-0.44040447179811	NA
22	730	rs553615850:T:C	NA	NA	2e+05	-2.86465073491073	NA
22	731	rs564109275:C:T	NA	NA	2e+05	-2.50255847733918	NA
22	732	rs868009967:C:T	NA	NA	2e+05	-5.35943190266734	NA
22	733	rs536016081:T:C	NA	NA	2e+05	0.388686632548938	NA
22	734	22:32846142:TATACACAC:T	NA	NA	2e+05	-0.867683817261926	NA
22	735	rs769295621:C:CAT	NA	NA	2e+05	6.14204743132653	NA
22	736	rs377471242:G:A	NA	NA	2e+05	1.22468818155784	NA
22	737	rs139825595:G:A	NA	NA	2e+05	-2.79154731860714	NA
22	738	rs143248282:T:C	NA	NA	2e+05	0.898995963650313	NA
22	739	rs146706567:C:T	NA	NA	2e+05	3.57262304937217	NA
22	740	rs116284648:G:A	NA	NA	2e+05	-3.34787834175295	NA
22	741	rs576636583:A:G	NA	NA	2e+05	1.69562943925979	NA
22	742	rs115269979:T:C	NA	NA	2e+05	-3.09718863855437	NA
22	743	rs181634264:T:C	NA	NA	2e+05	2.99953879847372	NA
22	744	rs78140252:T:A	NA	NA	2e+05	2.87507812164981	NA
22	745	rs528983690:T:A	NA	NA	2e+05	1.96861578054159	NA
22	746	rs768443731:A:T	NA	NA	2e+05	1.80350511258811	NA
22	747	rs9609555:C:T	NA	NA	2e+05	7.24699868531938	NA
22	748	rs569149455:G:T	NA	NA	2e+05	-3.30072930555266	NA
22	749	rs139299199:T:C	NA	NA	2e+05	-2.51867945037447	NA
22	750	rs9609556:C:A	NA	NA	2e+05	-0.459440741283902	NA
22	751	rs185859389:C:T	NA	NA	2e+05	-1.60940955985826	NA
22	752	rs5754092:T:C	NA	NA	2e+05	-12.0876855767965	NA
22	753	rs79423560:G:T	NA	NA	2e+05	-10.0132680916802	NA
22	754	rs775857893:C:G	NA	NA	2e+05	1.21631800103902	NA
22	755	rs575536524:T:C	NA	NA	2e+05	-1.3923179992143	NA
22	756	rs5754093:C:A	NA	NA	2e+05	-12.1224648498297	NA
22	757	22:32847029:TTGTACTAGC:T	NA	NA	2e+05	-4.84840750678983	NA
22	758	rs764302552:T:C	NA	NA	2e+05	1.36965174092647	NA
22	759	rs6518779:T:C	NA	NA	2e+05	7.14339092671378	NA
22	760	22:32847168:C:T	NA	NA	2e+05	6.4038195350702	NA
22	761	rs117367221:C:T	NA	NA	2e+05	-1.25148866480592	NA
22	762	rs531754739:A:G	NA	NA	2e+05	-3.18838254798546	NA
22	763	rs571560328:C:T	NA	NA	2e+05	3.88164404648468	NA
22	764	rs527983608:G:A	NA	NA	2e+05	3.57423966273616	NA
22	765	rs371643546:C:T	NA	NA	2e+05	4.04773669026952	NA
22	766	rs145004357:T:C	NA	NA	2e+05	4.48100323756799	NA
22	767	rs536727142:C:T	NA	NA	2e+05	0.950824258813934	NA
22	768	rs556730548:C:T	NA	NA	2e+05	3.65174230664702	NA
22	769	rs570180653:C:T	NA	NA	2e+05	4.92001665319418	NA
22	770	rs5754094:G:A	NA	NA	2e+05	-12.0858601308959	NA
22	771	rs575295941:A:AAT	NA	NA	2e+05	-0.920253362321464	NA
22	772	rs112287546:A:T	NA	NA	2e+05	0.469375620843882	NA
22	773	rs184116754:C:T	NA	NA	2e+05	-1.95302638508584	NA
22	774	rs187360837:T:C	NA	NA	2e+05	-0.802625514212057	NA
22	775	rs373600972:C:T	NA	NA	2e+05	3.98945460721451	NA
22	776	rs547801071:C:T	NA	NA	2e+05	-7.90077721008521	NA
22	777	rs60347201:G:T	NA	NA	2e+05	3.83467670059793	NA
22	778	rs530082950:C:A	NA	NA	2e+05	-1.50328116404187	NA
22	779	rs550222359:T:C	NA	NA	2e+05	-1.76288195186758	NA
22	780	rs78752928:C:T	NA	NA	2e+05	-1.09077566606125	NA
22	781	rs377144167:C:T	NA	NA	2e+05	-8.74809187633915	NA
22	782	rs566722950:C:A	NA	NA	2e+05	-1.35289401658599	NA
22	783	rs573899629:C:T	NA	NA	2e+05	0.369128065095032	NA
22	784	rs555748412:C:T	NA	NA	2e+05	-2.79571359771392	NA
22	785	rs575722280:G:T	NA	NA	2e+05	-0.783754204076772	NA
22	786	rs539280797:C:CA	NA	NA	2e+05	16.2823594244285	NA
22	787	rs535583850:C:T	NA	NA	2e+05	-4.4848402915539	NA
22	788	rs9609557:C:T	NA	NA	2e+05	8.8590631087647	NA
22	789	rs537966864:C:T	NA	NA	2e+05	-1.01366637556336	NA
22	790	rs183171278:G:A	NA	NA	2e+05	0.119879476704893	NA
22	791	rs114560145:A:G	NA	NA	2e+05	1.68672627487605	NA
22	792	rs16990504:T:C	NA	NA	2e+05	-5.19565978003369	NA
22	793	rs533718986:T:C	NA	NA	2e+05	0.621146032585865	NA
22	794	rs770350366:T:A	NA	NA	2e+05	-6.71608846913946	NA
22	795	rs7289943:C:T	NA	NA	2e+05	8.88564035263862	NA
22	796	rs9606955:G:T	NA	NA	2e+05	-0.455004784811848	NA
22	797	rs558332950:C:A	NA	NA	2e+05	-2.34972046754803	NA
22	798	rs116878659:C:A	NA	NA	2e+05	-0.371953544707207	NA
22	799	rs767594093:A:G	NA	NA	2e+05	-4.42163991687498	NA
22	800	rs367973194:C:T	NA	NA	2e+05	2.86600087174518	NA
22	801	rs62241181:G:A	NA	NA	2e+05	2.80345878810521	NA
22	802	rs182569922:C:T	NA	NA	2e+05	-3.06779852280703	NA
22	803	rs753886086:C:T	NA	NA	2e+05	-2.73901758301332	NA
22	804	rs7290825:G:C	NA	NA	2e+05	8.88184356150284	NA
22	805	rs7290725:C:T	NA	NA	2e+05	8.89109622468595	NA
22	806	rs187927091:C:T	NA	NA	2e+05	0.948251007541602	NA
22	807	rs527327038:T:C	NA	NA	2e+05	0.626071429684282	NA
22	808	22:32849325:CTT:C	NA	NA	2e+05	1.11620955699031	NA
22	809	rs558528681:T:C	NA	NA	2e+05	-1.51860867234892	NA
22	810	rs534759723:C:T	NA	NA	2e+05	-1.80138919245948	NA
22	811	rs76434372:T:A	NA	NA	2e+05	-0.290603569137868	NA
22	812	rs150445945:G:A	NA	NA	2e+05	-2.16217627699985	NA
22	813	rs115005132:A:G	NA	NA	2e+05	2.26512284731294	NA
22	814	rs73404923:A:T	NA	NA	2e+05	0.0393762991747878	NA
22	815	rs138282263:G:A	NA	NA	2e+05	0.725849683368929	NA
22	816	rs528573487:G:A	NA	NA	2e+05	-1.56477447408907	NA
22	817	rs11703151:C:A	NA	NA	2e+05	2.83777689864093	NA
22	818	rs184364849:C:T	NA	NA	2e+05	-0.744525849915479	NA
22	819	rs774728949:C:T	NA	NA	2e+05	-2.8288617767348	NA
22	820	rs190577443:C:A	NA	NA	2e+05	-6.36350605220901	NA
22	821	rs34758535:C:A	NA	NA	2e+05	2.83442417104448	NA
22	822	rs397868093:A:AC	NA	NA	2e+05	2.20341328487499	NA
22	823	rs45442791:A:C	NA	NA	2e+05	-0.323090001983672	NA
22	824	rs568178475:A:C	NA	NA	2e+05	3.49394755143229	NA
22	825	rs537614959:A:C	NA	NA	2e+05	1.3549664983902	NA
22	826	rs398036910:A:AG	NA	NA	2e+05	0.407907749098578	NA
22	827	rs371580535:G:T	NA	NA	2e+05	4.32011939562155	NA
22	828	rs573223798:C:G	NA	NA	2e+05	-2.12164383371707	NA
22	829	rs181273013:C:T	NA	NA	2e+05	1.46803282399274	NA
22	830	rs762591839:C:T	NA	NA	2e+05	0.636601956339241	NA
22	831	rs569758107:G:A	NA	NA	2e+05	-2.99016625684751	NA
22	832	rs552475478:C:T	NA	NA	2e+05	2.4143182858089	NA
22	833	rs11703361:G:A	NA	NA	2e+05	2.78775535567367	NA
22	834	rs141577447:G:T	NA	NA	2e+05	-2.15299401637064	NA
22	835	rs548231906:C:G	NA	NA	2e+05	3.25598393889737	NA
22	836	rs756876937:C:T	NA	NA	2e+05	1.01385794448726	NA
22	837	rs186226850:G:A	NA	NA	2e+05	1.52738738999756	NA
22	838	rs146182871:C:A	NA	NA	2e+05	-3.99538117350874	NA
22	839	rs755497733:A:G	NA	NA	2e+05	2.48780028852452	NA
22	840	rs139153079:C:T	NA	NA	2e+05	-2.34900163795036	NA
22	841	22:32850548:CCT:C	NA	NA	2e+05	0.749017078640286	NA
22	842	rs142571526:T:A	NA	NA	2e+05	-1.79305869200023	NA
22	843	rs555352185:C:T	NA	NA	2e+05	-3.24684685873364	NA
22	844	rs12628214:A:G	NA	NA	2e+05	17.2969703960027	NA
22	845	rs1001794:C:T	NA	NA	2e+05	-2.11349458188877	NA
22	846	rs118181500:C:T	NA	NA	2e+05	5.99169965746467	NA
22	847	rs759634484:G:A	NA	NA	2e+05	-2.90917295426299	NA
22	848	rs1969634:A:G	NA	NA	2e+05	-2.1019699923773	NA
22	849	rs5754095:A:T	NA	NA	2e+05	-13.2708051879497	NA
22	850	rs139584141:G:A	NA	NA	2e+05	0.0577652925222425	NA
22	851	rs763839888:T:C	NA	NA	2e+05	-3.69510253001813	NA
22	852	rs58145659:C:T	NA	NA	2e+05	-6.98224466000825	NA
22	853	rs147861449:G:A	NA	NA	2e+05	1.14859094676575	NA
22	854	rs144832684:G:A	NA	NA	2e+05	6.18326217490508	NA
22	855	rs376403081:T:C	NA	NA	2e+05	0.974702370108067	NA
22	856	rs563754448:C:A	NA	NA	2e+05	0.00593534220817185	NA
22	857	rs753196421:G:T	NA	NA	2e+05	-3.13617756458499	NA
22	858	rs36045968:C:G	NA	NA	2e+05	17.3257251757274	NA
22	859	rs5754096:A:C	NA	NA	2e+05	1.36958060179568	NA
22	860	rs11704805:G:A	NA	NA	2e+05	2.74936935727692	NA
22	861	rs567002265:A:G	NA	NA	2e+05	-2.67972784095523	NA
22	862	rs781501319:G:A	NA	NA	2e+05	-0.827750528681001	NA
22	863	rs147879133:C:T	NA	NA	2e+05	2.08743301324595	NA
22	864	rs571675307:G:C	NA	NA	2e+05	3.54323930840491	NA
22	865	rs553108487:T:C	NA	NA	2e+05	-0.446797411135495	NA
22	866	rs573106733:A:T	NA	NA	2e+05	4.52405470228046	NA
22	867	rs542058646:C:T	NA	NA	2e+05	-2.20197673394196	NA
22	868	rs148946836:G:A	NA	NA	2e+05	-2.46132606843034	NA
22	869	22:32852015:TG:T	NA	NA	2e+05	1.34269516647117	NA
22	870	rs9621455:T:C	NA	NA	2e+05	-13.2122269983635	NA
22	871	rs539981916:G:A	NA	NA	2e+05	-2.45738636873397	NA
22	872	22:32852114:TG:T	NA	NA	2e+05	1.7508896574728	NA
22	873	rs753142829:GAAGAA:G	NA	NA	2e+05	2.54118920477769	NA
22	874	rs9621456:G:C	NA	NA	2e+05	-13.2290464224636	NA
22	875	rs9621457:T:A	NA	NA	2e+05	-13.217063553594	NA
22	876	rs569163502:A:G	NA	NA	2e+05	-3.68625127178813	NA
22	877	rs534281347:C:T	NA	NA	2e+05	-2.29115698437306	NA
22	878	rs547536632:T:C	NA	NA	2e+05	0.0693868230042495	NA
22	879	22:32852375:TCTCC:T	NA	NA	2e+05	-2.48702785806931	NA
22	880	rs112440726:C:T	NA	NA	2e+05	-6.29288936701642	NA
22	881	rs148134964:T:G	NA	NA	2e+05	0.832371363690573	NA
22	882	rs34733998:T:G	NA	NA	2e+05	17.3064938122424	NA
22	883	rs5754098:G:T	NA	NA	2e+05	-13.1965809960097	NA
22	884	rs540240161:A:T	NA	NA	2e+05	-1.84876541868269	NA
22	885	rs572270073:T:C	NA	NA	2e+05	2.39188070055448	NA
22	886	rs5749440:C:T	NA	NA	2e+05	-13.2694002487821	NA
22	887	rs34088079:T:G	NA	NA	2e+05	17.3053349016144	NA
22	888	rs73404930:C:A	NA	NA	2e+05	-9.79423466945862	NA
22	889	rs35380742:T:C	NA	NA	2e+05	17.2972307976401	NA
22	890	rs112383605:T:C	NA	NA	2e+05	1.18408116098903	NA
22	891	rs142251972:A:G	NA	NA	2e+05	1.89417603994386	NA
22	892	rs563472258:T:C	NA	NA	2e+05	0.200141286539377	NA
22	893	rs538128406:G:A	NA	NA	2e+05	5.49619413800503	NA
22	894	rs548981882:G:C	NA	NA	2e+05	1.68331013405314	NA
22	895	rs146171836:T:C	NA	NA	2e+05	-1.88401073067987	NA
22	896	rs12165345:A:T	NA	NA	2e+05	-2.76593665510061	NA
22	897	rs73170361:T:C	NA	NA	2e+05	-1.50117797831489	NA
22	898	rs530197576:A:G	NA	NA	2e+05	-0.245921984194474	NA
22	899	rs5754099:G:A	NA	NA	2e+05	-13.2278142132378	NA
22	900	rs757813570:T:A	NA	NA	2e+05	-2.21515408348778	NA
22	901	rs9609559:A:G	NA	NA	2e+05	-2.34411220477439	NA
22	902	rs147869884:C:T	NA	NA	2e+05	4.09794760885057	NA
22	903	rs192512205:C:G	NA	NA	2e+05	1.17778540239315	NA
22	904	rs5998498:C:A	NA	NA	2e+05	-0.436677997841875	NA
22	905	rs547253277:C:A	NA	NA	2e+05	2.73717628116568	NA
22	906	rs149165118:C:T	NA	NA	2e+05	4.12102145938573	NA
22	907	rs778949128:A:G	NA	NA	2e+05	-0.974223282272824	NA
22	908	rs538771359:C:T	NA	NA	2e+05	-5.00986831373311	NA
22	909	rs558860910:C:T	NA	NA	2e+05	5.46988010470631	NA
22	910	22:32854256:TC:T	NA	NA	2e+05	0.665754234156445	NA
22	911	rs117124965:C:T	NA	NA	2e+05	-3.70497196652242	NA
22	912	rs145085525:C:A	NA	NA	2e+05	-0.372594449105709	NA
22	913	22:32854379:C:G	NA	NA	2e+05	0.645357290925975	NA
22	914	rs543801106:C:T	NA	NA	2e+05	-1.4484456872154	NA
22	915	rs62241183:A:C	NA	NA	2e+05	2.64096553679115	NA
22	916	22:32854495:G:A	NA	NA	2e+05	2.98923291875396	NA
22	917	rs184608589:T:G	NA	NA	2e+05	-5.52822873953922	NA
22	918	rs117806051:C:T	NA	NA	2e+05	-1.59051311553483	NA
22	919	rs569659837:C:T	NA	NA	2e+05	-3.62334290576958	NA
22	920	rs367788179:T:C	NA	NA	2e+05	3.27868585811032	NA
22	921	rs555212438:C:A	NA	NA	2e+05	-2.2137002813198	NA
22	922	rs557059211:T:C	NA	NA	2e+05	0.539533549072374	NA
22	923	rs12628404:C:T	NA	NA	2e+05	17.2284030725638	NA
22	924	rs540817597:G:A	NA	NA	2e+05	-4.17442203474882	NA
22	925	rs5749441:T:C	NA	NA	2e+05	-8.6190207333194	NA
22	926	rs147977082:C:T	NA	NA	2e+05	-0.515789798561582	NA
22	927	22:32855318:C:T	NA	NA	2e+05	-2.0375289308716	NA
22	928	rs57044038:C:T	NA	NA	2e+05	1.98330167544073	NA
22	929	rs532104851:C:T	NA	NA	2e+05	2.97755394940726	NA
22	930	rs5749442:T:C	NA	NA	2e+05	-1.36945423909725	NA
22	931	rs534752626:A:G	NA	NA	2e+05	-2.32830530159829	NA
22	932	rs62241249:T:C	NA	NA	2e+05	2.69480119971262	NA
22	933	rs185206414:C:T	NA	NA	2e+05	0.253201757055294	NA
22	934	rs557601348:C:T	NA	NA	2e+05	-2.28227867694614	NA
22	935	rs11705134:C:T	NA	NA	2e+05	2.64794252173934	NA
22	936	rs539777642:A:G	NA	NA	2e+05	2.36190901789987	NA
22	937	rs372680562:C:T	NA	NA	2e+05	4.01446586034082	NA
22	938	rs745570224:A:C	NA	NA	2e+05	1.39418113210549	NA
22	939	rs542955751:G:A	NA	NA	2e+05	-2.01314969222986	NA
22	940	rs574257338:G:A	NA	NA	2e+05	-2.14395523694155	NA
22	941	rs543274369:C:T	NA	NA	2e+05	-0.515994834437926	NA
22	942	rs10627673:C:CAAAAT	NA	NA	2e+05	-2.08178981212778	NA
22	943	rs139690329:T:C	NA	NA	2e+05	-3.10486634980752	NA
22	944	rs12485021:G:C	NA	NA	2e+05	-1.20657174047834	NA
22	945	rs559640126:T:A	NA	NA	2e+05	0.313174450315803	NA
22	946	rs147228585:G:A	NA	NA	2e+05	-1.50425962803345	NA
22	947	rs5754103:C:T	NA	NA	2e+05	-0.538351569690772	NA
22	948	rs73404940:C:G	NA	NA	2e+05	-6.20626402888009	NA
22	949	rs142745446:G:A	NA	NA	2e+05	2.08667275271108	NA
22	950	rs538239752:G:A	NA	NA	2e+05	-3.18921031180137	NA
22	951	rs759826571:T:C	NA	NA	2e+05	2.86093052617032	NA
22	952	22:32856372:G:C	NA	NA	2e+05	-0.523082063771717	NA
22	953	rs151038507:C:A	NA	NA	2e+05	-1.90310418161459	NA
22	954	rs1109363:T:G	NA	NA	2e+05	-0.269301135832931	NA
22	955	rs184348745:T:C	NA	NA	2e+05	-4.93812429313928	NA
22	956	rs751567858:C:T	NA	NA	2e+05	1.60488284637058	NA
22	957	rs757115337:G:A	NA	NA	2e+05	-0.422076181351015	NA
22	958	rs1109364:C:T	NA	NA	2e+05	-0.519874489440215	NA
22	959	rs541846181:T:C	NA	NA	2e+05	-0.811627140447506	NA
22	960	rs561723190:C:T	NA	NA	2e+05	-1.87047365138265	NA
22	961	rs139737429:G:A	NA	NA	2e+05	4.77518931062222	NA
22	962	rs551148876:C:G	NA	NA	2e+05	-3.27338483095883	NA
22	963	rs570984609:C:T	NA	NA	2e+05	0.805453177953178	NA
22	964	rs535412486:G:A	NA	NA	2e+05	1.26548608508774	NA
22	965	rs143716672:G:A	NA	NA	2e+05	-4.14778031113177	NA
22	966	rs569326946:A:G	NA	NA	2e+05	-1.99066736511328	NA
22	967	rs9609560:G:A	NA	NA	2e+05	2.80508613470443	NA
22	968	rs539662107:T:C	NA	NA	2e+05	1.22006178559285	NA
22	969	rs181967572:A:G	NA	NA	2e+05	0.274326231865472	NA
22	970	rs186539620:C:T	NA	NA	2e+05	-3.52666231098454	NA
22	971	rs575276411:G:A	NA	NA	2e+05	0.389881810191658	NA
22	972	rs880867:C:T	NA	NA	2e+05	-10.4889995153329	NA
22	973	22:32857206:CACT:C	NA	NA	2e+05	-3.68132191540078	NA
22	974	rs370732197:A:G	NA	NA	2e+05	3.76619769902781	NA
22	975	rs760657:G:A	NA	NA	2e+05	-0.297092512165597	NA
22	976	rs767297731:G:T	NA	NA	2e+05	-2.68277222867667	NA
22	977	rs551553394:C:T	NA	NA	2e+05	-7.92604863556202	NA
22	978	rs539600320:G:C	NA	NA	2e+05	0.0953939833143416	NA
22	979	rs535773956:C:T	NA	NA	2e+05	1.1539125742421	NA
22	980	rs114559309:A:G	NA	NA	2e+05	2.89432911743141	NA
22	981	rs544217823:G:A	NA	NA	2e+05	-0.367261159414162	NA
22	982	rs371512718:G:A	NA	NA	2e+05	3.15310900500233	NA
22	983	rs747553925:C:T	NA	NA	2e+05	0.166812647719884	NA
22	984	rs563214382:G:A	NA	NA	2e+05	4.02082146140729	NA
22	985	rs149219690:C:A	NA	NA	2e+05	0.685587976876537	NA
22	986	rs571637812:C:T	NA	NA	2e+05	-3.67718072509209	NA
22	987	rs183076417:G:T	NA	NA	2e+05	-2.5223121289731	NA
22	988	rs113892933:G:A	NA	NA	2e+05	0.408123435801501	NA
22	989	22:32858047:TG:T	NA	NA	2e+05	-0.790672377096757	NA
22	990	rs189591169:G:C	NA	NA	2e+05	-2.42451639450768	NA
22	991	rs146965412:T:C	NA	NA	2e+05	1.0272660988974	NA
22	992	rs542641309:G:A	NA	NA	2e+05	4.05363074477838	NA
22	993	rs559726474:A:T	NA	NA	2e+05	-1.53731349660304	NA
22	994	rs562995980:G:A	NA	NA	2e+05	-3.9005880029533	NA
22	995	rs567782140:A:G	NA	NA	2e+05	4.08250081271376	NA
22	996	rs12159688:A:C	NA	NA	2e+05	2.23561414653932	NA
22	997	rs376832562:G:A	NA	NA	2e+05	3.29481326637224	NA
22	998	rs557447849:A:C	NA	NA	2e+05	-2.52630660326516	NA
22	999	rs76693310:C:G	NA	NA	2e+05	-0.482680729484249	NA
22	1000	rs767628553:C:G	NA	NA	2e+05	-6.01503493185048	NA
22	1001	rs563624728:A:G	NA	NA	2e+05	1.12306280598515	NA
22	1002	rs192490542:A:G	NA	NA	2e+05	-0.777661433554753	NA
22	1003	rs529286906:C:T	NA	NA	2e+05	-0.398479043784793	NA
22	1004	rs9606956:A:G	NA	NA	2e+05	1.95424669378969	NA
22	1005	rs188464916:T:C	NA	NA	2e+05	1.21535959565751	NA
22	1006	22:32859168:T:C	NA	NA	2e+05	-1.00827282683608	NA
22	1007	rs8138357:G:A	NA	NA	2e+05	0.977194591040185	NA
22	1008	rs548902482:A:G	NA	NA	2e+05	0.499328793234669	NA
22	1009	rs569062482:G:A	NA	NA	2e+05	0.887550933869863	NA
22	1010	22:32859452:GT:G	NA	NA	2e+05	2.45366368188937	NA
22	1011	22:32859495:GAAAACACC:G	NA	NA	2e+05	-5.99536732696312	NA
22	1012	22:32859504:TGAA:T	NA	NA	2e+05	-5.99529645503929	NA
22	1013	rs533500523:C:G	NA	NA	2e+05	-5.99537478305897	NA
22	1014	22:32859510:TCAC:T	NA	NA	2e+05	-5.99542815595661	NA
22	1015	rs139599693:C:A	NA	NA	2e+05	2.32605732084443	NA
22	1016	rs375445513:C:T	NA	NA	2e+05	-3.2185636924012	NA
22	1017	rs576544341:G:A	NA	NA	2e+05	-3.03011265095711	NA
22	1018	rs73884922:C:T	NA	NA	2e+05	1.74056237412274	NA
22	1019	rs7292178:G:A	NA	NA	2e+05	-1.91285875955381	NA
22	1020	rs541428295:G:A	NA	NA	2e+05	-0.0547568197880879	NA
22	1021	rs561313465:G:C	NA	NA	2e+05	-0.957326268369168	NA
22	1022	rs543930945:G:A	NA	NA	2e+05	-1.9894651618625	NA
22	1023	rs8142183:C:T	NA	NA	2e+05	-1.51807901934468	NA
22	1024	rs551166268:A:G	NA	NA	2e+05	-0.107140068687263	NA
22	1025	rs115309813:C:G	NA	NA	2e+05	-1.68866077582553	NA
22	1026	rs114342410:C:A	NA	NA	2e+05	-0.945048217653178	NA
22	1027	rs546964243:T:C	NA	NA	2e+05	2.29212739515185	NA
22	1028	rs114804612:T:C	NA	NA	2e+05	4.0426742273093	NA
22	1029	rs188615318:T:C	NA	NA	2e+05	-2.16058113197624	NA
22	1030	rs5994573:C:T	NA	NA	2e+05	-2.52569547652935	NA
22	1031	rs116562907:T:C	NA	NA	2e+05	3.74443728821898	NA
22	1032	rs543475930:G:C	NA	NA	2e+05	-0.886765412515261	NA
